Format (Spearators: one TAB after terminals then space); terminal_string TAB id n length levels duration %duration	
( abdomen_licking  genitals_licking )	19 3 2 1 351 2 5048 5158 8276 8488 8640 8666
( cheeks_sacks_washing  nose_eyes_washing )	23 5 2 1 864 4 5759 6091 13789 13861 13876 13989 14040 14332 16478 16528
( fast_nose_washing  head_and_ears_washing )	25 7 2 1 143 1 1085 1102 2460 2481 4519 4540 5789 5809 9455 9471 16144 16170 19388 19403
( forelimb_licking  abdomen_licking )	28 8 2 1 574 3 1026 1228 2658 2700 4798 4883 5022 5048 5266 5281 5442 5501 10999 11065 11183 11254
( forelimb_licking  cheeks_sacks_washing )	29 5 2 1 357 2 5696 5759 11958 12104 13771 13789 13892 14010 14033 14040
( genitals_licking  abdomen_licking )	31 3 2 1 469 2 5158 5281 8085 8276 8488 8640
( hand_licking  forelimb_licking )	32 8 2 1 1146 5 833 1026 3126 3144 3207 3261 4240 4440 4963 5022 5670 5696 12896 13176 15243 15551
( head_and_ears_washing  flank_licking )	34 6 2 1 158 1 1102 1125 2481 2507 4540 4571 9471 9502 16170 16192 19403 19422
( hindlimb_licking  scratching_by_hindlimb )	35 44 2 1 2110 9 2848 3024 7396 7435 7467 7562 7604 7673 7715 7747 7770 7797 7821 7994 10172 10325 10348 10445 10459 10542 12281 12319 16619 16628 16647 16659 16784 16918 16937 17046 19734 19786 19862 19901 20394 20405 20421 20451 20686 20693 20731 20743 20758 20774 20974 20984 21157 21189 21204 21227 21239 21261 21359 21368 21403 21606 21630 21639 21653 21664 21714 21733 21756 21768 21787 21799 21811 21924 22027 22039 22060 22070 22085 22123 22141 22167 22183 22205 22224 22241 22256 22274 22296 22304 22322 22336 22368 22381
( non_grooming  scratching_by_hindlimb )	36 26 2 1 817 4 2958 3024 7429 7435 7555 7562 7662 7673 7973 7994 10013 10047 10305 10325 11845 11873 12213 12263 12307 12319 15993 16053 16574 16592 17103 17162 19753 19786 19875 19901 19928 19936 20437 20451 20530 20538 20580 20595 20631 20658 21169 21189 21281 21341 21572 21606 21834 21924 21934 21968 22093 22123
( nose_eyes_washing  cheeks_sacks_washing )	37 3 2 1 98 0 13861 13876 13989 14010 16419 16478
( nose_eyes_washing  forelimb_licking )	38 5 2 1 188 1 641 690 5250 5266 13861 13892 13989 14033 14332 14375
( nose_washing  cheeks_sacks_washing )	39 4 2 1 114 1 5731 5759 12084 12104 12250 12256 13820 13876
( nose_washing  fast_nose_washing )	40 9 2 1 349 2 515 545 1063 1085 2410 2460 4498 4519 5765 5789 9404 9455 13820 13839 16127 16144 19282 19388
( nose_washing  flank_licking )	41 9 2 1 611 3 1063 1125 1308 1318 2410 2507 2694 2727 4498 4571 9404 9502 9602 9626 16127 16192 19282 19422
( nose_washing  forelimb_licking )	42 11 2 1 422 2 671 690 925 1026 1512 1533 2644 2658 4395 4440 4781 4798 5008 5022 5634 5696 13141 13176 13820 13892 15540 15551
( nose_washing  head_and_ears_washing )	43 7 2 1 434 2 1063 1102 2410 2481 4498 4540 5765 5809 9404 9471 16127 16170 19282 19403
( nose_washing  nose_eyes_washing )	44 3 2 1 92 0 612 641 6072 6091 13820 13861
( scratching_by_hindlimb  hindlimb_licking )	45 48 2 1 2099 9 6390 6465 7334 7396 7435 7467 7562 7604 7673 7715 7747 7770 7797 7821 7994 8063 10047 10073 10325 10348 10445 10459 11873 11914 12263 12281 12319 12341 16053 16077 16592 16619 16628 16647 16659 16784 16918 16937 19170 19466 19786 19862 20369 20394 20405 20421 20658 20686 20693 20731 20743 20758 20774 20974 20984 21157 21189 21204 21227 21239 21341 21359 21368 21403 21606 21630 21639 21653 21664 21714 21733 21756 21768 21787 21799 21811 21968 22027 22039 22060 22070 22085 22123 22141 22167 22183 22205 22224 22241 22256 22274 22296 22304 22322 22336 22368
( fast_nose_washing ( nose_washing  nose_eyes_washing ))	48 2 3 2 400 2 545 612 641 5789 6072 6091
( forelimb_biting ( nose_eyes_washing  forelimb_licking ))	49 2 3 2 415 2 13667 13861 13892 14187 14332 14375
( forelimb_licking ( cheeks_sacks_washing  fast_nose_washing ))	51 2 3 2 163 1 5696 5759 5789 13771 13789 13839
( forelimb_licking ( cheeks_sacks_washing  nose_eyes_washing ))	52 3 3 2 787 4 5696 5759 6091 13771 13789 13861 14033 14040 14332
( forelimb_licking ( fast_nose_washing  nose_eyes_washing ))	53 4 3 2 1550 7 1026 1085 1277 4440 4519 5250 5696 5789 6091 13771 13839 13861
( forelimb_licking ( nose_washing  cheeks_sacks_washing ))	54 3 3 2 317 1 5696 5731 5759 11958 12084 12104 13771 13820 13876
( forelimb_licking ( nose_washing  flank_licking ))	55 3 3 2 302 1 1026 1063 1125 2658 2694 2727 4440 4498 4571
( hand_biting ( forelimb_biting  cheeks_sacks_washing ))	57 2 3 2 1788 8 11378 12167 12256 12852 13667 13760
( hindlimb_licking ( non_grooming  scratching_by_hindlimb ))	60 9 3 2 492 2 7396 7429 7435 12281 12307 12319 19734 19753 19786 19862 19875 19901 20421 20437 20451 21157 21169 21189 21239 21281 21341 21811 21834 21924 22085 22093 22123
( non_grooming ( scratching_by_hindlimb  hindlimb_licking ))	61 18 3 2 1127 5 7429 7435 7467 7555 7562 7604 7662 7673 7715 7973 7994 8063 10013 10047 10073 10305 10325 10348 11845 11873 11914 12213 12263 12281 12307 12319 12341 15993 16053 16077 16574 16592 16619 19753 19786 19862 20631 20658 20686 21169 21189 21204 21281 21341 21359 21572 21606 21630 21934 21968 22027 22093 22123 22141
( nose_eyes_washing ( cheeks_sacks_washing  forelimb_licking ))	62 2 3 2 77 0 13861 13876 13892 13989 14010 14033
( nose_washing ( fast_nose_washing  flank_licking ))	63 6 3 2 541 2 1063 1085 1125 2410 2460 2507 4498 4519 4571 9404 9455 9502 16127 16144 16192 19282 19388 19422
( nose_washing ( fast_nose_washing  nose_eyes_washing ))	64 7 3 2 2138 10 515 545 641 1063 1085 1277 4498 4519 5250 5765 5789 6091 13820 13839 13861 16127 16144 16419 19282 19388 19662
( nose_washing ( nose_eyes_washing  forelimb_licking ))	67 2 3 2 152 1 612 641 690 13820 13861 13892
(( abdomen_licking  genitals_licking ) non_grooming )	68 2 3 2 182 1 5048 5158 5190 8640 8666 8678
(( cheeks_sacks_washing  forelimb_licking ) nose_eyes_washing )	69 3 3 2 539 2 13760 13771 13861 13876 13892 13989 14010 14033 14332
(( fast_nose_washing  head_and_ears_washing )( nose_washing  flank_licking ))	70 3 4 2 674 3 1085 1102 1308 1318 2460 2481 2694 2727 9455 9471 9602 9626
(( forelimb_licking  abdomen_licking ) non_grooming )	72 7 3 2 1047 5 1026 1228 1296 2658 2700 2777 4798 4883 4973 5022 5048 5190 5266 5281 5365 5442 5501 5528 10999 11065 11122
(( forelimb_licking  cheeks_sacks_washing ) forelimb_biting )	73 2 3 2 365 2 11958 12104 12167 14033 14040 14187
(( forelimb_licking  cheeks_sacks_washing ) nose_washing )	74 2 3 2 120 1 5696 5759 5765 13771 13789 13820
(( forelimb_licking  fast_nose_washing ) nose_eyes_washing )	76 2 3 2 343 2 1026 1085 1277 13771 13839 13861
(( hand_licking  forelimb_licking ) flank_licking )	77 3 3 2 683 3 833 1026 1125 3126 3144 3183 4240 4440 4571
(( hand_licking  forelimb_licking ) head_and_ears_washing )	78 3 3 2 711 3 833 1026 1102 4240 4440 4540 5670 5696 5809
(( hand_licking  forelimb_licking )( fast_nose_washing  flank_licking ))	79 2 4 2 625 3 833 1026 1085 1125 4240 4440 4519 4571
(( hand_licking  forelimb_licking )( fast_nose_washing  nose_eyes_washing ))	80 3 4 2 1878 8 833 1026 1085 1277 4240 4440 4519 5250 5670 5696 5789 6091
(( hand_licking  non_grooming )( forelimb_licking  fast_nose_washing ))	82 3 4 2 1725 8 833 843 1026 1085 3875 3892 4440 4519 4963 4973 5696 5789
(( hand_licking  non_grooming )( nose_washing  forelimb_licking ))	83 2 4 2 254 1 833 843 925 1026 4963 4973 5008 5022
(( nose_washing  fast_nose_washing )( nose_eyes_washing  cheeks_sacks_washing ))	85 2 4 2 409 2 13820 13839 13861 13876 16127 16144 16419 16478
(( nose_washing  fast_nose_washing )( nose_eyes_washing  forelimb_licking ))	86 2 4 2 249 1 515 545 641 690 13820 13839 13861 13892
(( nose_washing  forelimb_licking ) abdomen_licking )	87 4 3 2 505 2 925 1026 1228 2644 2658 2700 4781 4798 4883 5008 5022 5048
(( nose_washing  forelimb_licking ) head_and_ears_washing )	88 3 3 2 500 2 925 1026 1102 4395 4440 4540 5634 5696 5809
(( nose_washing  forelimb_licking )( fast_nose_washing  flank_licking ))	89 2 4 2 378 2 925 1026 1085 1125 4395 4440 4519 4571
(( nose_washing  forelimb_licking )( fast_nose_washing  nose_eyes_washing ))	90 3 4 2 1667 7 925 1026 1085 1277 4395 4440 4519 5250 5634 5696 5789 6091
( body_rubbing ( head_and_ears_washing ( nose_washing  flank_licking )))	92 2 4 3 1511 7 1808 2481 2694 2727 9036 9471 9602 9626
( fast_nose_washing (( nose_washing  forelimb_licking ) abdomen_licking ))	94 3 4 3 1290 6 545 925 1026 1228 2460 2644 2658 2700 4519 4781 4798 4883
( fast_nose_washing (( nose_washing  forelimb_licking )( hand_licking  non_grooming )))	95 2 5 3 754 3 545 671 690 833 843 4519 4781 4798 4963 4973
( forelimb_licking (( nose_washing  cheeks_sacks_washing ) forelimb_biting ))	97 2 4 3 627 3 11958 12084 12104 12167 13771 13820 13876 14187
( hand_biting ( forelimb_biting ( nose_washing  cheeks_sacks_washing )))	98 2 4 3 1904 8 11378 12167 12250 12256 12852 13667 13820 13876
( hand_biting (( nose_washing  cheeks_sacks_washing ) forelimb_biting ))	99 2 4 3 2126 9 11378 12084 12104 12167 12852 13820 13876 14187
( nose_washing (( fast_nose_washing  nose_eyes_washing ) forelimb_licking ))	101 3 4 3 1018 5 515 545 641 690 4498 4519 5250 5266 13820 13839 13861 13892
( nose_washing (( forelimb_licking  abdomen_licking ) non_grooming ))	102 3 4 3 510 2 2644 2658 2700 2777 4781 4798 4883 4973 5008 5022 5048 5190
(( hand_licking  non_grooming )( forelimb_licking ( nose_washing  flank_licking )))	103 2 5 3 990 4 833 843 1026 1063 1125 3875 3892 4440 4498 4571
(( hand_licking  non_grooming )( forelimb_licking ( nose_washing  head_and_ears_washing )))	104 3 5 3 1783 8 833 843 1026 1063 1102 3875 3892 4440 4498 4540 4963 4973 5696 5765 5809
(( hand_licking  non_grooming )(( nose_washing  forelimb_licking ) abdomen_licking ))	105 3 5 3 1491 7 833 843 925 1026 1228 3875 3892 4781 4798 4883 4963 4973 5008 5022 5048
((( hand_licking  forelimb_licking )( fast_nose_washing  nose_eyes_washing )) non_grooming )	107 2 5 3 919 4 833 1026 1085 1277 1296 5670 5696 5789 6091 6124
((( nose_washing  forelimb_licking )( fast_nose_washing  nose_eyes_washing )) non_grooming )	108 2 5 3 863 4 925 1026 1085 1277 1296 5634 5696 5789 6091 6124
((( hand_licking  non_grooming )( forelimb_licking  abdomen_licking )) nose_eyes_washing )	109 2 5 3 733 3 833 843 1026 1228 1277 4963 4973 5022 5048 5250
(( fast_nose_washing  head_and_ears_washing )( flank_licking ( nose_washing (( forelimb_licking  abdomen_licking ) non_grooming ))))	111 2 7 5 773 3 2460 2481 2507 2644 2658 2700 2777 4519 4540 4571 4781 4798 4883 4973
( fast_nose_washing ((( nose_washing  forelimb_licking ) abdomen_licking ) flank_licking ))	112 2 5 4 1042 5 545 925 1026 1228 1318 2460 2644 2658 2700 2727
( fast_nose_washing ( nose_washing ((( forelimb_licking  abdomen_licking ) non_grooming ) flank_licking )))	116 2 6 5 1105 5 545 925 1026 1228 1296 1318 2460 2644 2658 2700 2777 2790
