Time	Event
0	:
0 	4 
21 	1 
24 	6 
38 	7 
46 	4 
52 	1 
56 	4 
109 	1 
113 	4 
145 	9 
155 	2 
160 	9 
181 	2 
186 	4 
222 	1 
236 	3 
245 	7 
253 	4 
299 	7 
308 	4 
316 	7 
323 	1 
326 	4 
380 	1 
388 	4 
425 	1 
436 	6 
453 	3 
463 	7 
466 	4 
511 	1 
515 	4 
587 	1 
591 	3 
595 	7 
601 	1 
604 	4 
620 	1 
624 	4 
640 	7 
659 	1 
674 	3 
679 	1 
691 	3 
694 	1 
703 	6 
727 	1 
741 	3 
764 	4 
803 	1 
820 	3 
826 	4 
846 	1 
866 	6 
885 	3 
894 	4 
940 	1 
956 	6 
962 	3 
980 	4 
999 	3 
1002 	4 
1035 	2 
1062 	6 
1098 	2 
1109 	4 
1118 	9 
1139 	4 
1155 	9 
1187 	4 
1239 	1 
1256 	3 
1264 	7 
1283 	4 
1310 	1 
1322 	6 
1340 	4 
1355 	1 
1362 	3 
1376 	4 
1396 	1 
1418 	3 
1434 	1 
1437 	4 
1519 	1 
1540 	3 
1564 	6 
1595 	4 
1601 	1 
1608 	3 
1626 	4 
1659 	1 
1669 	4 
1720 	1 
1737 	6 
1761 	4 
1767 	1 
1784 	3 
1804 	4 
1813 	1 
1823 	3 
1829 	7 
1842 	1 
1847 	3 
1850 	6 
1861 	3 
1876 	7 
1880 	3 
1885 	4 
1902 	6 
1931 	4 
1962 	1 
1981 	3 
2017 	4 
2031 	1 
2049 	4 
2079 	2 
2082 	9 
2109 	2 
2150 	4 
2162 	9 
2182 	4 
2219 	1 
2234 	3 
2259 	7 
2264 	3 
2286 	4 
2322 	1 
2352 	6 
2356 	3 
2370 	1 
2373 	4 
2383 	1 
2413 	3 
2422 	7 
2439 	4 
2446 	1 
2467 	3 
2472 	4 
2484 	1 
2490 	3 
2501 	1 
2504 	4 
2539 	1 
2543 	4 
2547 	3 
2557 	4 
2595 	1 
2610 	6 
2618 	3 
2626 	4 
2659 	2 
2673 	6 
2695 	2 
2734 	4 
2739 	9 
2757 	2 
2787 	9 
2790 	6 
2814 	2 
2824 	9 
2878 	2 
2947 	9 
2964 	&
