Time	Event
0	:
0 	1 
11 	6 
28 	1 
36 	3 
44 	9 
49 	2 
70 	1 
83 	7 
100 	6 
107 	4 
118 	2 
175 	1 
189 	7 
216 	4 
240 	2 
278 	3 
282 	9 
334 	2 
371 	3 
374 	1 
389 	7 
423 	4 
442 	2 
524 	1 
539 	7 
570 	4 
580 	1 
587 	2 
615 	9 
649 	2 
672 	1 
692 	7 
714 	4 
744 	3 
749 	4 
765 	3 
770 	4 
773 	2 
822 	4 
831 	2 
846 	3 
853 	9 
872 	2 
918 	1 
932 	7 
971 	6 
988 	7 
995 	4 
1004 	2 
1013 	3 
1022 	9 
1033 	2 
1071 	3 
1096 	7 
1103 	4 
1114 	1 
1145 	6 
1172 	1 
1306 	4 
1319 	1 
1345 	4 
1354 	1 
1365 	4 
1385 	3 
1400 	2 
1511 	1 
1532 	7 
1558 	6 
1572 	1 
1606 	3 
1610 	7 
1624 	6 
1630 	1 
1653 	2 
1676 	3 
1692 	1 
1696 	7 
1726 	4 
1734 	6 
1749 	4 
1754 	2 
1824 	1 
1843 	7 
1866 	6 
1872 	1 
1883 	3 
1887 	1 
1896 	7 
1905 	4 
1916 	1 
1936 	3 
1956 	7 
1982 	4 
2001 	2 
2117 	3 
2138 	2 
2165 	3 
2168 	9 
2182 	3 
2203 	1 
2208 	7 
2222 	4 
2236 	6 
2241 	1 
2258 	2 
2263 	6 
2267 	9 
2281 	2 
2287 	4 
2297 	6 
2306 	1 
2318 	6 
2326 	9 
2337 	7 
2358 	4 
2374 	3 
2380 	1 
2386 	7 
2397 	4 
2418 	2 
2487 	1 
2506 	7 
2524 	4 
2533 	1 
2553 	4 
2559 	1 
2573 	7 
2622 	6 
2630 	1 
2660 	6 
2674 	1 
2743 	6 
2754 	1 
2765 	6 
2775 	9 
2786 	6 
2797 	1 
2804 	7 
2826 	6 
2839 	1 
2843 	6 
2871 	1 
2886 	7 
2893 	6 
2910 	3 
2918 	6 
2932 	9 
2940 	7 
2973 	2 
2979 	&
