Time	Event
0	:
0 	8 
42 	9 
65 	8 
80 	5 
83 	9 
88 	5 
106 	8 
172 	2 
202 	8 
227 	1 
234 	5 
243 	9 
256 	8 
298 	2 
317 	7 
325 	2 
328 	8 
352 	1 
358 	5 
382 	8 
444 	1 
447 	8 
465 	9 
483 	8 
509 	2 
548 	8 
579 	1 
585 	5 
597 	9 
608 	8 
651 	1 
658 	8 
665 	9 
676 	5 
690 	9 
702 	8 
718 	2 
730 	7 
744 	2 
755 	8 
825 	2 
903 	7 
909 	8 
959 	2 
997 	1 
1019 	5 
1047 	8 
1065 	7 
1089 	8 
1098 	1 
1112 	5 
1143 	1 
1147 	8 
1157 	2 
1168 	8 
1173 	2 
1266 	8 
1324 	5 
1350 	1 
1356 	8 
1402 	2 
1434 	9 
1446 	2 
1499 	8 
1530 	5 
1553 	8 
1579 	1 
1587 	9 
1605 	8 
1621 	1 
1627 	5 
1648 	8 
1716 	7 
1736 	8 
1787 	1 
1795 	5 
1819 	8 
1869 	5 
1896 	8 
1967 	1 
1976 	5 
2007 	8 
2032 	7 
2060 	9 
2080 	7 
2135 	9 
2157 	7 
2188 	9 
2197 	5 
2207 	7 
2251 	1 
2263 	7 
2270 	9 
2286 	7 
2325 	1 
2341 	7 
2350 	5 
2353 	9 
2364 	5 
2383 	7 
2396 	1 
2408 	5 
2411 	9 
2429 	5 
2457 	7 
2463 	1 
2470 	7 
2482 	1 
2498 	5 
2503 	9 
2523 	5 
2530 	7 
2541 	1 
2572 	5 
2590 	9 
2616 	7 
2644 	8 
2647 	1 
2654 	5 
2712 	1 
2724 	5 
2733 	9 
2740 	5 
2760 	8 
2765 	1 
2784 	7 
2812 	1 
2839 	9 
2860 	5 
2866 	8 
2876 	1 
2892 	5 
2896 	9 
2900 	5 
2921 	1 
2926 	5 
2929 	9 
2946 	8 
2950 	1 
2980 	&
