Time	Event
0	:
0 	4 
5 	9 
10 	3 
55 	0 
64 	1 
139 	0 
142 	1 
159 	0 
213 	1 
257 	0 
264 	9 
301 	8 
310 	6 
337 	9 
376 	4 
381 	6 
410 	9 
455 	3 
489 	1 
526 	3 
553 	0 
577 	9 
619 	6 
627 	1 
634 	6 
645 	9 
683 	8 
694 	6 
721 	9 
747 	6 
750 	0 
762 	9 
783 	8 
789 	0 
813 	9 
824 	4 
829 	8 
839 	6 
860 	9 
939 	6 
943 	0 
979 	9 
1086 	4 
1116 	9 
1132 	8 
1141 	4 
1202 	0 
1212 	8 
1216 	9 
1225 	0 
1239 	4 
1249 	8 
1253 	6 
1270 	9 
1301 	8 
1309 	4 
1313 	9 
1324 	8 
1332 	4 
1337 	9 
1341 	4 
1346 	9 
1379 	4 
1387 	6 
1393 	0 
1399 	1 
1406 	0 
1437 	9 
1449 	8 
1452 	9 
1457 	6 
1484 	4 
1510 	6 
1515 	8 
1523 	9 
1549 	0 
1560 	1 
1581 	0 
1588 	4 
1593 	9 
1849 	8 
1861 	6 
1899 	4 
1906 	9 
1915 	4 
1931 	9 
1965 	8 
1968 	0 
1978 	8 
1986 	6 
2013 	9 
2048 	3 
2074 	8 
2078 	0 
2082 	6 
2090 	3 
2096 	9 
2108 	3 
2145 	9 
2192 	4 
2229 	9 
2246 	4 
2273 	9 
2324 	6 
2328 	4 
2351 	9 
2391 	4 
2443 	9 
2485 	4 
2522 	9 
2529 	4 
2551 	9 
2561 	4 
2697 	3 
2728 	4 
2749 	8 
2759 	6 
2808 	4 
2836 	6 
2857 	4 
2898 	6 
2922 	4 
2954 	3 
2979 	1 
2982 	&
