Time	Event
0	:
0 	4 
27 	6 
52 	2 
57 	6 
93 	4 
112 	0 
138 	9 
160 	2 
180 	9 
189 	6 
234 	2 
259 	6 
335 	4 
359 	0 
376 	9 
379 	4 
405 	9 
435 	4 
445 	0 
473 	9 
491 	4 
501 	9 
551 	4 
564 	9 
574 	0 
588 	9 
609 	4 
622 	9 
637 	0 
662 	4 
670 	9 
679 	0 
696 	9 
787 	4 
802 	0 
827 	2 
837 	4 
846 	9 
870 	4 
879 	9 
958 	4 
967 	9 
989 	4 
1002 	9 
1035 	4 
1040 	9 
1065 	0 
1074 	4 
1086 	9 
1152 	4 
1157 	0 
1182 	4 
1197 	9 
1264 	0 
1274 	4 
1302 	0 
1332 	2 
1335 	9 
1348 	0 
1356 	4 
1362 	9 
1371 	4 
1378 	0 
1382 	4 
1398 	9 
1430 	0 
1457 	4 
1465 	9 
1473 	0 
1483 	4 
1489 	9 
1523 	4 
1535 	9 
1603 	0 
1627 	4 
1633 	9 
1708 	0 
1731 	4 
1736 	9 
1759 	4 
1794 	9 
1856 	4 
1863 	9 
1873 	4 
1883 	9 
1939 	0 
1950 	4 
1958 	9 
2053 	4 
2057 	9 
2097 	2 
2124 	4 
2149 	9 
2154 	0 
2158 	5 
2161 	0 
2177 	4 
2183 	9 
2214 	4 
2217 	9 
2240 	4 
2246 	9 
2306 	4 
2320 	9 
2365 	0 
2395 	4 
2401 	9 
2451 	0 
2475 	2 
2481 	9 
2497 	0 
2510 	9 
2555 	0 
2569 	4 
2572 	0 
2581 	2 
2587 	9 
2601 	0 
2612 	9 
2623 	0 
2626 	9 
2668 	0 
2695 	9 
2708 	2 
2743 	6 
2748 	2 
2784 	6 
2795 	2 
2812 	9 
2828 	0 
2844 	9 
2916 	0 
2920 	&
